5.807284674620620812e+00 -1.098420241677189102e+00 3.780288678399386981e+01
4.308694112544183774e+00 1.262579544436937651e+00 4.245053243998540893e+01
7.845465539512570530e+00 1.657391493089652168e-01 4.413070814389995888e+01
7.297571235543271584e+00 -3.238429636508374010e+00 4.618970871085010543e+01
7.854008796792287583e+00 1.363448202021242839e+00 5.067210115663170455e+01
1.314727102342301279e+01 -2.067438657694542048e+00 5.193723846034937708e+01
1.053763291168094085e+01 7.408597070721527622e-01 5.534539220313592267e+01
1.336124156343680269e+01 1.553348786454831210e+00 5.863137368656227721e+01
1.213512785405570860e+01 1.843804819491873914e+00 6.296259701751114335e+01
1.460098968679980302e+01 5.234616047209703638e+00 6.375943076144290700e+01
1.379805683074623346e+01 2.938663985026666925e+00 6.829044774601526058e+01
1.393423214149604483e+01 8.087251832689469566e+00 6.918874000317239847e+01
1.405562509307460850e+01 8.268425399428016576e+00 7.499095827634673128e+01
1.524637574003001994e+01 1.198508108604284850e+01 7.524057072270716162e+01
1.762258075354584719e+01 1.271131745054242934e+01 7.090181721082582555e+01
2.135717628343421381e+01 9.689517742791471377e+00 7.131994363173458851e+01
1.892353661693974232e+01 5.872648979887302723e+00 6.951134369086932452e+01
1.668665588310275893e+01 3.674849459922506334e+00 7.237947209364780576e+01
2.017767123846938304e+01 -7.838351446006730505e-01 7.256929840756525607e+01
1.596470337960924724e+01 -1.826872930088136782e+00 7.409837620433377481e+01
1.223235600812378543e+01 -2.010939207434745413e+00 7.572614679494300560e+01
1.345869092429576419e+01 -2.975212433372707466e+00 8.055359953275785756e+01
1.436789820463782696e+01 1.984269873020767516e+00 8.321641879504686301e+01
1.686502330654732518e+01 -2.059774481886887720e+00 8.495686449196162471e+01
1.781980589832994966e+01 -3.766491240492773507e+00 7.983838630511650081e+01
1.734072837615395457e+01 1.487506021097005027e+00 7.809714044992622917e+01
2.326046955324200027e+01 2.629558226693450712e-02 7.681740211925072970e+01
2.307249746707745075e+01 4.807158792265017411e+00 7.376233109290986079e+01
2.191394521399142192e+01 3.072098374578987823e+00 6.993812789363603599e+01
2.278415663312894068e+01 6.672558307844769665e+00 6.917720853195952202e+01
2.261864429261998310e+01 1.032669120729553569e+01 6.630728916477998780e+01
1.892770855383318107e+01 9.922501899711077655e+00 6.510577387879924061e+01
2.083869809699862330e+01 1.213368051604396847e+01 6.200967938412404123e+01
2.537906044935505889e+01 8.787850864779375826e+00 6.279404177422237154e+01
2.100027152713408540e+01 5.435146817013950304e+00 6.240831948805405460e+01
1.995514585533622309e+01 7.719976811420811380e+00 5.876128953055039972e+01
2.359241855136390598e+01 1.014355820979968748e+01 5.764106467380107546e+01
2.410278078168791893e+01 3.158065081417000819e+00 5.823877935624385316e+01
1.938328603915073245e+01 2.817070391263169604e+00 5.868058592151360386e+01
2.035422698114764017e+01 6.034462227924877631e+00 5.292502853185964540e+01
2.546338904235823719e+01 4.168086402736976837e+00 5.257850548616200115e+01
2.221211244823135900e+01 3.394744899810694938e-01 5.372165998394806508e+01
1.918222592756212919e+01 1.001726419651140398e+00 5.086310185226223268e+01
1.674472628498753224e+01 1.900359725352545714e+00 5.356256357496229015e+01
1.365321632900669613e+01 2.684537905362869736e+00 5.024347994784807980e+01
1.032714065513753177e+01 5.344832302602853247e+00 5.343835955960634010e+01
1.336142749635862970e+01 6.386492840875106936e+00 5.723374212568079855e+01
9.772366688365712761e+00 5.201296920540264601e+00 6.060233525934171439e+01
1.233157699968963072e+01 8.833152425361291193e+00 6.250628813590582666e+01
8.856208430217757055e+00 6.046927116519293932e+00 6.714417140030478492e+01
9.100686279177821802e+00 9.735136504012366743e+00 7.045110783492516759e+01
9.972106855712251416e+00 6.154824319400890253e+00 7.298482146011571103e+01
9.987119359281830810e+00 1.099808440784656938e+01 7.474656347932354095e+01
7.471670922636511669e+00 1.014810733050630809e+01 7.808726961229649532e+01
5.368744763528755293e+00 1.353753707951441498e+01 7.844919467382774769e+01
7.109270067876411581e+00 1.701041060170122421e+01 7.921673781979436058e+01
1.128061748305856682e+01 1.648913286797522559e+01 7.736992216681326795e+01
6.939069602393288072e+00 1.372972063919867303e+01 7.301463136680447974e+01
5.522367725997229471e+00 1.995062236761183172e+01 7.066131019314192940e+01
1.241811839790429239e+01 1.933232869006351962e+01 7.364573353306494141e+01
1.246777578954844934e+01 1.525585702912058572e+01 7.106797490613911350e+01
8.887483667232004336e+00 1.492560654869005354e+01 6.789941029744198886e+01
1.019552574620407270e+01 2.015390453467645315e+01 6.681016767566931946e+01
1.615278866690841042e+01 1.879627001312093526e+01 6.783213200561799283e+01
1.411986766084178058e+01 1.431791397484269801e+01 6.519449428726066742e+01
1.193651733619501520e+01 1.721428485999370395e+01 6.206331767981500747e+01
1.515746303522729477e+01 2.149715837288099607e+01 6.210284136639381813e+01
1.900320625140781416e+01 1.849763230848225604e+01 6.293960044019667066e+01
1.637318320187179310e+01 1.445674806266898393e+01 5.956304281850815840e+01
1.554183275037893175e+01 1.768183818075869240e+01 5.695830126551354056e+01
1.953477184118808196e+01 2.011017613283866723e+01 5.678536304413034941e+01
2.165114062093017111e+01 1.576374476605613673e+01 5.698526914644150310e+01
1.813324379095824668e+01 1.259819969813136886e+01 5.507779601472359587e+01
1.866223713252565020e+01 1.130307110038047469e+01 5.056697000071351056e+01
1.538908627531497508e+01 9.019793003335593085e+00 5.201907328344078962e+01
1.150920817940541951e+01 9.795420165672721780e+00 5.210915578002534687e+01
1.112981274082633121e+01 1.194338358703371838e+01 5.700495055520528354e+01
7.631753803946640602e+00 8.875479681879802740e+00 5.891722238267717415e+01
7.325077758544406237e+00 1.145784801496278149e+01 6.254428292310556969e+01
6.153687495658614282e+00 9.388891512685205498e+00 6.557796627023850533e+01
4.925729376005872240e+00 9.103178717808168230e+00 6.899691328037317817e+01
2.197743375049881820e+00 1.043306296541621769e+01 7.060073215989817186e+01
9.203923114700905961e-01 1.233102850994531785e+01 6.723001857971871686e+01
-2.040346609817826007e+00 1.250932385483272746e+01 7.130247938604688329e+01
-2.553442087597439514e+00 1.728747456231869251e+01 6.854886876332668066e+01
-4.547158864654575083e+00 1.969510531047080093e+01 6.316815684201145586e+01
-1.462719812299084987e+00 2.238275621127517923e+01 6.760127251619603328e+01
1.557833465789746574e+00 1.896203472564332415e+01 6.703513257559002625e+01
7.934874073107830439e-01 1.757405778238499039e+01 6.333831070407177322e+01
7.039526024273450311e-01 2.106716684095307457e+01 6.144622244226276564e+01
4.606857784862699923e+00 2.247136774585257157e+01 6.438631162931362439e+01
5.638416611979032211e+00 1.776843052051599159e+01 6.293836084035491751e+01
3.897655939067333541e+00 1.872053295790587413e+01 5.820940193699097875e+01
4.899742078890139574e+00 2.321076493260285645e+01 5.874146401858639166e+01
1.067201601000038558e+01 2.257555955503282519e+01 6.238139408922171469e+01
9.837269062354046412e+00 1.892944845831242162e+01 5.744482165484050995e+01
8.067691623398371092e+00 1.633969334159866804e+01 5.774235751584028264e+01
7.938639513796409197e+00 1.397436886570629433e+01 5.433101430255155151e+01
5.135915407521197018e+00 1.071297818371840904e+01 5.568921644727582532e+01
2.513982789976483279e+00 1.265112672643123659e+01 6.021499246557802110e+01
2.200079383724822257e+00 8.683822527603973995e+00 6.255315092476797645e+01
-2.020444623825583541e+00 8.955223893435702465e+00 6.312709587858515192e+01
-1.830117626473534376e+00 4.923289106010167338e+00 6.669789628726253738e+01
-3.799226359760212723e+00 6.250961538041534205e+00 7.015379243364738215e+01
-5.668936183433715748e+00 9.540050678655376259e+00 6.829563810499723786e+01
-7.000136137724521035e+00 7.908791444784129432e+00 6.526311227099441226e+01
-8.681386934402063105e+00 4.991519978287284331e+00 6.741011791969096123e+01
-1.018369249296969237e+01 8.473905734411273372e+00 7.084068254544745002e+01
-1.091552250965172277e+01 1.161809650658192972e+01 6.647768736348831453e+01
-1.200917204739982935e+01 9.439460635915596143e+00 6.317457345026178928e+01
-1.206694045635101631e+01 1.365828270623884499e+01 6.239844264526914230e+01
-7.030971689597812713e+00 1.364368748840133883e+01 6.364003728944642546e+01
-7.603753776628916938e+00 1.088503567200899447e+01 5.968496435691208291e+01
-1.007950578367245242e+01 1.431695613302529857e+01 5.796506932340119533e+01
-8.500000314066189944e+00 1.788399004727874342e+01 6.042141210562445508e+01
-3.640989003639310440e+00 1.561890154305490874e+01 5.873794103636235775e+01
-5.952341953507222172e+00 1.516244984140890750e+01 5.475633718600636257e+01
-8.449541307039146076e+00 1.968992316850274094e+01 5.457148126145781930e+01
-4.731517240655729317e+00 2.096938235064682843e+01 5.551915744166522160e+01
-1.139652441740695910e+00 1.940629831669261307e+01 5.526864464628014417e+01
-3.069772024741900029e+00 1.608440910881717656e+01 5.234224263653680254e+01
-3.362676544992287742e+00 1.222138605956869206e+01 5.186416229270415101e+01
9.495070858963078342e-01 1.387058378031834671e+01 5.071961957008885946e+01
9.965962444869177483e-01 1.373409157745126308e+01 5.527167127564439397e+01
-1.503762005891094322e+00 1.097323168126319537e+01 5.627374395275349883e+01
7.642090305771646053e-01 7.541873074225645901e+00 5.812603269364253578e+01
-2.511883570039831870e+00 5.171381298317832886e+00 5.988071344762330739e+01
-7.287385908002373958e-01 3.126788191984292364e+00 6.284349100531884602e+01
-2.972589151412300179e+00 -4.335729069067173480e-01 6.253767442721367331e+01
-1.070702343119505295e+00 -1.632049296263532456e+00 6.674227464594329717e+01
-3.186014151587445387e+00 -5.840002665064240261e+00 6.592334050996917938e+01
-3.689449002035912528e+00 -9.483801872847564596e+00 6.966935497931389421e+01
-4.642610251130675714e+00 -1.301816687888725355e+01 6.592834330737957771e+01
-9.586788879027082544e+00 -1.111513632893650616e+01 7.013102036731260114e+01
-1.139434011850862483e+01 -1.511307368207535795e+01 7.104559571095130366e+01
-1.042415228194550458e+01 -1.536172915443437681e+01 6.605090155636152360e+01
-1.237165159260465508e+01 -1.271559886721394328e+01 6.520873008878281496e+01
-7.984518864921650305e+00 -1.001231276847628315e+01 6.315566471083845812e+01
-1.038057894061438269e+01 -6.952153705458379740e+00 6.811731726913450302e+01
-7.506370921468875856e+00 -2.410115718393313955e+00 6.704153071274548381e+01
-4.821661260367165802e+00 -4.005999545993199185e+00 7.076853294755052559e+01
-4.343798738057525810e+00 1.444731971767546863e+00 7.178810600426791666e+01
-2.601359116137117233e+00 4.398333652457140808e+00 7.465107785546966568e+01
2.260232268702792258e+00 1.306172823391085869e+00 7.231820456388624052e+01
-6.731950758698623805e-02 -2.201327193071756838e+00 7.161811954190663698e+01
2.863786750835809469e-01 -1.755096718847641846e+00 7.556758239089172946e+01
-5.740389670601310890e+00 -1.493373033952445139e+00 7.661446130897904538e+01
-8.635144757553158357e+00 -4.148589159561877793e+00 7.300052052131923119e+01
-1.008569847044476120e+01 -7.297743875463961194e-01 7.121967000868802700e+01
-1.300993679151019933e+01 -3.101638243265215866e+00 7.023742094009890025e+01
-1.244228798557825932e+01 -1.217325178083331849e+00 6.697221444456253892e+01
-1.357312711709175979e+01 -5.410291703291369103e+00 6.475655510511592183e+01
-8.792749372852780354e+00 -4.832180148396381547e+00 6.145936127421693840e+01
-1.494369113176438013e+01 -6.025638636119010627e+00 6.027172322950127636e+01
-1.488268069682395378e+01 -2.133009291060707024e+00 6.067097643928944706e+01
-9.780355218220043056e+00 1.975443268411731346e+00 6.195138421687890684e+01
-9.138387714153612507e+00 -6.745675413704945722e-01 5.738680798329339439e+01
-1.296628357367134399e+01 7.735577246271749807e-01 5.561089150421817351e+01
-1.341439352952831499e+01 4.756816390024027008e+00 5.884107973487107301e+01
-8.350638613351177852e+00 4.577919609061125605e+00 5.736096641591814205e+01
-9.910890542561325844e+00 3.844376203531677749e+00 5.217699169348382071e+01
-1.470537753608973297e+01 6.443974358220395438e+00 5.475356475850763616e+01
-1.284157104256784088e+01 9.442967338882699124e+00 5.708689162658989602e+01
-7.769161337377232357e+00 1.004953756927186603e+01 5.345132540528372544e+01
-5.520350100237521929e+00 7.837648426108335009e+00 5.412635661837777690e+01
-2.347129127372754365e+00 7.402831218290540249e+00 5.242710524235496905e+01
8.060280276333455785e-01 5.049561218499262871e+00 5.371964336194972134e+01
-2.121448765678092041e+00 1.436867813457128218e+00 5.594085008217296462e+01
1.912483921173761647e+00 9.746916525291805522e-01 5.970837313612833697e+01
-5.837952975522515686e-01 -3.737481422774726614e+00 5.979009620220821830e+01
1.614650155175002544e+00 -3.770858512518718175e+00 6.396788683227396177e+01
1.362208048370770364e+00 -8.305988848557140258e+00 6.460925305726192391e+01
8.485349718430809096e-01 -7.379607403112950159e+00 6.874501596765196609e+01
-2.418029867311879411e-01 -1.209713550093765200e+01 6.768565628402477330e+01
4.329040993473427967e+00 -1.337092611309570600e+01 6.427104310926270614e+01
5.379223719519874436e+00 -8.528195731964711257e+00 7.004318469908487543e+01
9.299536118131698004e+00 -1.024772519792969128e+01 6.911286991021336235e+01
9.135262994358676281e+00 -1.336329715605499757e+01 6.736031600778311201e+01
1.399343694812121797e+01 -1.304992266693312963e+01 6.472773457455734558e+01
9.056286830322568093e+00 -1.531306241284430492e+01 6.273899975973696286e+01
8.080717324853036843e+00 -1.326240666318212114e+01 6.034832037239204539e+01
6.911505073518778630e+00 -9.698967932608763221e+00 5.825625957836449231e+01
9.956775292964802349e-01 -1.211943786100154874e+01 6.042875135492712957e+01
9.673160887579514977e-01 -1.379191569267761253e+01 5.598290558616307067e+01
-3.745502004074814817e+00 -1.456383294913412030e+01 5.873725161581534593e+01
-2.866774923335055902e+00 -9.225123543389736724e+00 6.024386457270409068e+01
-8.605881783014156516e-01 -8.914889722923028614e+00 5.523012157737519345e+01
-3.482202602974155070e+00 -1.319840996157350865e+01 5.247128022878875697e+01
-8.706440910545344636e+00 -9.476320389449226056e+00 5.706023175742024023e+01
-6.130228768770836112e+00 -5.519956132126274007e+00 5.518542149182891166e+01
-4.480863328215749952e+00 -5.631326964263908330e+00 4.996917209874754917e+01
-9.459939478064839591e+00 -6.881438487171513074e+00 5.027193599834608762e+01
-1.069557873331074127e+01 -4.130042145328126857e+00 5.300334323681298088e+01
-7.318709950962109190e+00 -1.243028877167585033e+00 5.060337614401124995e+01
-6.456909357235857350e+00 5.106256507934875399e-01 4.683698594176724583e+01
-3.957002224096239473e+00 2.299696906962905629e+00 5.013484057888167911e+01
-1.707294149335120137e-01 1.784046612293596290e+00 5.044880261653834452e+01
-3.298306462761733671e-01 -2.573803762853823507e+00 5.319310687349088340e+01
3.524624814217332425e+00 -8.165422463924836283e-01 5.570325971139470767e+01
4.544359722542813174e+00 -4.990015744451514301e+00 5.697324724743200619e+01
4.653269997078312237e+00 -4.847059516203191087e+00 6.108617794326232087e+01
5.802922460607426558e+00 -8.050039365577445594e+00 6.271332747037889277e+01
8.293358312631260887e+00 -1.045862379276634435e+01 6.340016412519132416e+01
1.071697348217969648e+01 -9.466407675925927023e+00 6.149157952907992097e+01
1.209906249869858108e+01 -1.211188043373003254e+01 5.902553833186267696e+01
1.345925351464274300e+01 -1.630857287467284422e+01 5.663372613340046513e+01
1.600092068504046594e+01 -1.333591273917507536e+01 5.258347762255328917e+01
1.104157649447277123e+01 -1.784050927521556673e+01 5.223398152857127741e+01
9.114860201495663006e+00 -1.585752415882970112e+01 5.616609100776574337e+01
1.079213071896035459e+01 -9.919928242554679088e+00 5.447502300522559437e+01
9.029331949264152612e+00 -1.362508637378258136e+01 4.928837133231703405e+01
5.445917775643017933e+00 -1.582211995723072562e+01 5.184862486258241177e+01
4.636798910739571511e+00 -1.081076555471788758e+01 5.262167187193387008e+01
6.553706981501682627e+00 -8.251136163177154259e+00 4.958827998892374467e+01
3.781700011813625473e+00 -1.302737864593862049e+01 4.738487312078946445e+01
4.327005931588465137e-01 -1.187384176737289998e+01 5.099645202985733050e+01
1.953380721971937350e-01 -8.107292913409148483e+00 4.995126655659800718e+01
2.850104783526677732e+00 -6.333763138916944868e+00 5.087810467646487211e+01
2.665173703164206653e+00 -2.639126277458809788e+00 4.898661650779263965e+01
5.990989919743510583e+00 -2.811739294342044282e+00 5.220126563516912199e+01
8.858535859484831576e+00 -3.790105005624184731e+00 5.462795094897109749e+01
8.686627414516850720e+00 -1.970343839017016263e+00 5.899412478307247198e+01
1.235783449282524771e+01 -2.990306911298572512e+00 6.015964447301217888e+01
1.494173682350958821e+01 -2.584508307304300700e+00 6.278689341613870312e+01
1.682383123082438914e+01 -5.200936078764733850e+00 6.460648506903359589e+01
1.716113759477849854e+01 -7.297901152710416284e+00 6.113079126217952108e+01
1.787159411137628950e+01 -4.118343642428787810e+00 5.828424006853593653e+01
2.115062195204995632e+01 -1.588999611148165458e+00 6.402490903779990106e+01
2.158121740950374345e+01 -5.581036046748605095e+00 6.580169628357874956e+01
2.555899146337428007e+01 -6.911677482812554452e+00 5.867971112696525182e+01
2.033122409002157838e+01 -1.089981319693158035e+01 6.122663617531731717e+01
1.893838698392275077e+01 -8.837809689309811034e+00 5.708390176436457608e+01
2.265091649223263559e+01 -7.270521707398183153e+00 5.426381959806142419e+01
1.943048113484305972e+01 -4.184253346044754629e+00 5.206696721245555892e+01
2.320806583717643434e+01 -5.415284870964689468e+00 4.712461713720437473e+01
2.216589612740748549e+01 -9.840949046202553063e+00 5.027244508992886551e+01
1.639547975017376302e+01 -8.222074971248037656e+00 5.080512753899908773e+01
1.688522121000845644e+01 -4.765044249315318226e+00 4.716163153192415081e+01
2.031008637773870262e+01 -9.069280500876901741e+00 4.441210612450009165e+01
1.581148917422971500e+01 -1.389882367456901413e+01 4.785888548851730206e+01
1.299884862145471054e+01 -1.003976176194159464e+01 4.695338161895553242e+01
1.397095544134096556e+01 -8.357715890159415295e+00 4.093020788590519032e+01
1.652845949660794744e+01 -1.402245279914627041e+01 4.195422202457248062e+01
1.191549470888580409e+01 -1.508926303138710523e+01 4.383926911678263849e+01
9.830571782094921218e+00 -1.078995246343473191e+01 4.104984562354947997e+01
9.819951811987365886e+00 -8.590711446733207524e+00 4.388707140630150860e+01
9.443847844950655102e+00 -4.066788682144757416e+00 4.149378548997120220e+01
1.253161634179556749e+01 -4.246870066783629660e+00 4.471143055799834087e+01
1.517453478371120568e+01 1.414503856510081592e+00 4.566251632880214117e+01
1.666481051398513458e+01 -1.503183321275408879e+00 4.149051579031461046e+01
2.024175728875442104e+01 9.755741569980167505e-01 4.442518091990847751e+01
2.196061113351080252e+01 1.215599603287257580e+00 3.978423794565700433e+01
2.461795995363270961e+01 2.657646893600147386e+00 3.717434611021263891e+01
2.711761909958786276e+01 2.831250343350093956e+01 3.760672537719755582e+01
2.455813889138681461e+01 3.364922990517818135e+01 3.921950316153332494e+01
2.207864649771110521e+01 2.818539453952923779e+01 4.085079116192388682e+01
1.840782040956759502e+01 2.970469674220350598e+01 4.084651020498465357e+01
1.584834815991353807e+01 2.874755982659462106e+01 4.369284021132777696e+01
1.164350527968077209e+01 3.122564682074630227e+01 4.217444866231541312e+01
1.148703529085084263e+01 3.167901764433744916e+01 4.714293845881554290e+01
7.518561029960592279e+00 3.270423439513472630e+01 4.642595407087813442e+01
6.468428509395391046e+00 2.909423682992592930e+01 4.642396853152775549e+01
4.185733275771191586e+00 2.638263681307275732e+01 4.681384197624601740e+01
5.382546125067979581e+00 2.463171597272913971e+01 5.017860350090983701e+01
9.026693625632757900e+00 2.204520057443892256e+01 5.190968007353815494e+01
1.040719680709984729e+01 2.529825559691502335e+01 4.851710047960307293e+01
1.428196064094839102e+01 2.463671824820024625e+01 5.212080322957315559e+01
1.324907452580769629e+01 1.991405767995638598e+01 5.022364524336283154e+01
1.506750734067693820e+01 2.201584384108733872e+01 4.560935594582906560e+01
1.873197120716181630e+01 2.611234450430834642e+01 4.954715013384207367e+01
1.754170429144238952e+01 2.134046162870460961e+01 5.303920050495486294e+01
1.952496968309777259e+01 1.917542770342552316e+01 4.722790840752046648e+01
2.097231754591578223e+01 2.204830910230739960e+01 4.502688209814316878e+01
2.321360521707418911e+01 2.248942268731003935e+01 4.956547561347133524e+01
2.248360974728842976e+01 1.700339484016469527e+01 4.900880655556821353e+01
2.451760772740923500e+01 1.832379077938929157e+01 4.336780443732966717e+01
2.649271017055918520e+01 2.171937911410313760e+01 4.410806628553024211e+01
2.960508337155120628e+01 1.879899122531612221e+01 4.716587466291998254e+01
3.190861954828737623e+01 1.788453544232221404e+01 4.346042195165846067e+01
3.050823033181859500e+01 2.121129008845792896e+01 4.007044985322232122e+01
3.525113592273286400e+01 2.477287533260565411e+01 4.177440067801295243e+01
3.348015469904056829e+01 2.879541288481994599e+01 4.071153558121009297e+01
2.874810570891877504e+01 2.695323851788035441e+01 4.225821238765396970e+01
2.640832525855993751e+01 3.015831098354194850e+01 4.358114885047521625e+01
2.296381777501796151e+01 2.882410106508415382e+01 4.562490264856676703e+01
2.048344494537427707e+01 3.405115158474047377e+01 4.496121994849904979e+01
1.681279283750507503e+01 3.262708490695955987e+01 4.741119557298873843e+01
1.448169775734076659e+01 3.470800136848164641e+01 4.336743600094776241e+01
1.167576242218243010e+01 3.763888845403940309e+01 4.665480354928015316e+01
1.284256957949525457e+01 4.022993504417886612e+01 4.301000838614372412e+01
1.262074162222371498e+01 4.182589443603563950e+01 3.954241405006020216e+01
1.687930936956872685e+01 4.083926371819213585e+01 4.105941559678218766e+01
1.909409770676408158e+01 4.368369502310434882e+01 3.620568989470977073e+01
2.218791771915694966e+01 4.015999279957752321e+01 3.655929855798699180e+01
1.990651757417072432e+01 3.665008442594245253e+01 3.398247733799255599e+01
2.026780771548101967e+01 3.419148002725093960e+01 3.851167265389049987e+01
2.367250991654334058e+01 3.072988014716722560e+01 3.468117991910374087e+01
2.023155670823200225e+01 2.708674466696148997e+01 3.674804033112992130e+01
1.566739271985032467e+01 2.951990406341726469e+01 3.710948674300448147e+01
1.592651140821392097e+01 2.505687721293262271e+01 3.971313353753758690e+01
1.032702067962232562e+01 2.689374603632797189e+01 3.896685959035655600e+01
9.776240265492026182e+00 2.520774015022766079e+01 4.308444229270187975e+01
6.431943236348733883e+00 2.278900933539220475e+01 4.426763181251883594e+01
4.079280149728715443e+00 2.127738494048038120e+01 4.695024152670087147e+01
3.273954384408729323e-01 2.253105471003198801e+01 4.537686763881796281e+01
-3.941575266627766361e+00 2.488344376310253736e+01 4.367293163456702842e+01
-2.078669576732667501e+00 2.542368532693120642e+01 3.816111471887906248e+01
-3.544791336898962530e+00 2.882759483281630608e+01 4.117110666946965836e+01
-1.739419766165223757e+00 2.979531124916689322e+01 4.551996204341894270e+01
1.289582244474084316e+00 2.899432882183144500e+01 4.202987558888750641e+01
6.482839007038612156e-01 3.118552949437686550e+01 3.790789255293388038e+01
-2.354845361525920833e+00 3.489148278177261631e+01 4.324600230266405276e+01
2.697370288831557605e+00 3.235951599524521072e+01 4.548995415822925992e+01
5.084533602383936923e+00 3.356904607202074686e+01 3.944050426197546955e+01
1.053522321431883541e-01 3.753404511613113215e+01 3.828884870404613849e+01
1.063875789827453122e+00 3.862566682006042385e+01 4.352873816782641825e+01
6.172682362248177235e+00 3.851742343446355221e+01 4.348085718583811854e+01
6.654971863982103386e+00 4.100058162850339016e+01 3.931712096618864649e+01
9.167929056439310997e+00 3.646890295371682811e+01 3.889059242186888099e+01
6.213906008758259603e+00 3.575289971897181118e+01 3.428234757892572304e+01
8.371423937735915644e+00 3.923189925805478140e+01 3.258593184942070309e+01
1.371370609033472654e+01 3.714591536090278368e+01 3.559170189171556586e+01
1.110237739408713509e+01 3.336330083447086281e+01 3.319019796826902535e+01
9.029809664797339153e+00 3.508440808999975502e+01 2.841717662050803739e+01
1.538127653155989272e+01 3.841006862836223945e+01 2.953450288831893289e+01
1.644360264072707878e+01 3.347325111018316335e+01 3.266443486575487043e+01
1.403405619988719621e+01 3.203970300874746613e+01 2.772787620028357836e+01
1.559939145723188680e+01 3.668309604457942896e+01 2.553735786193855972e+01
2.015182793019506491e+01 3.511544280941678409e+01 2.755623916155839481e+01
1.941062679320265261e+01 3.063712168746940989e+01 2.501990560120281515e+01
2.097976894276115445e+01 3.223126226206768052e+01 3.094618807436958718e+01
1.994092076540286840e+01 2.579463809261036644e+01 3.114907826660645540e+01
1.419525992201678832e+01 2.710234320055368684e+01 3.309395155368459740e+01
1.394120451355190227e+01 2.341367233258933211e+01 3.574079317224482821e+01
1.040332567344587389e+01 2.239123553794601307e+01 3.662063565241371776e+01
1.014920277880253785e+01 2.081002341690980018e+01 4.012919884951065086e+01
6.146465355701461242e+00 1.886869346598129482e+01 4.137427147287996831e+01
3.253283030364632733e+00 2.257265558342700729e+01 4.100061684781932314e+01
6.673414402631501652e+00 2.357498817241051015e+01 3.826735716396044751e+01
6.363779145078515498e+00 1.962720611398514947e+01 3.519065057817841335e+01
2.126813199483921668e+00 2.040468134353758245e+01 3.701610218323515511e+01
3.031579880848467745e+00 2.612812507521598704e+01 3.630849572007186765e+01
5.757323855082093544e+00 2.488530519934872132e+01 3.228486735446509215e+01
2.048512915111974309e+00 2.240231129168081736e+01 3.066638941260924511e+01
-1.799441255425914044e+00 2.542096368656390126e+01 2.741993057003760015e+01
-5.148519055163540692e+00 2.432488275101719921e+01 3.028350698689931875e+01
-5.127858099625830945e+00 2.260032908772799587e+01 3.494711192595490701e+01
-8.479419940752373819e+00 1.862909870498302922e+01 3.584738890747165385e+01
-5.226212163116622733e+00 2.142776610167757667e+01 4.030088148399892845e+01
-7.249184745153013587e+00 2.506175895013341659e+01 3.800481840073300788e+01
-1.031594680596025881e+01 2.520670869927702995e+01 3.617035905127710294e+01
-9.867399498010676950e+00 2.942038644767179534e+01 3.609920413226273439e+01
-6.183049833620482438e+00 2.957278167637873167e+01 3.677346329768418798e+01
-5.184962815129606106e+00 2.961293258286789154e+01 3.167325554585278979e+01
-8.635904261248631419e-01 2.925710711451115742e+01 3.262645457511430891e+01
3.766583677543057007e+00 3.005710730206611458e+01 3.251573362349741103e+01
2.324417985080930116e+00 2.886272054809099785e+01 2.830416040333742345e+01
6.746284060977378871e+00 2.821641348309606911e+01 2.870542225467834996e+01
5.708726833289566649e+00 2.350071584536167180e+01 2.716968672346488134e+01
3.454429663919999172e+00 2.301114941435621830e+01 2.348027210203017745e+01
-1.336826782068705199e-01 2.159645543999251061e+01 2.676996040270369903e+01
-2.830128963063535341e+00 1.973840583840413743e+01 2.884832013492252045e+01
-2.794588986414638487e+00 1.935477642945386734e+01 3.328996696218585072e+01
-5.348793181251311424e+00 1.566964173906038127e+01 3.298741434635498848e+01
-7.216067579901453755e+00 1.353261270911111325e+01 3.775725491239119691e+01
-3.270365135210967722e+00 1.018355253065862343e+01 3.736559830042941854e+01
-6.593292531454769900e+00 8.108602340195405489e+00 3.372305100995900062e+01
-5.478797493881672587e+00 4.781867419070499281e+00 3.939717836964197772e+01
-6.449760479387258272e+00 6.353340104412205092e-01 4.186580650234145651e+01
-5.508050937888572030e+00 6.652343343259586206e+00 4.593700500772436612e+01
-6.952188304720304579e+00 8.998969132580945995e+00 4.155959600869740456e+01
-3.763469314466589388e+00 9.946941609871494450e+00 4.454270937241108896e+01
1.720477957402687386e+00 8.301923362959797714e+00 4.252767262284543648e+01
2.649379446788837633e+00 8.182247154509546760e+00 4.785666609100290714e+01
6.415059281957288917e+00 6.806979610989535523e+00 4.543633300200166758e+01
1.111890482026307581e+01 5.327418921879232272e+00 4.551253927352364315e+01
7.780134024327671760e+00 4.901092317685510125e+00 3.963138476132041887e+01
1.097233046349665919e+01 2.802575868330022590e+00 3.622219940961099383e+01
1.193666593606111093e+01 7.299346219109995815e+00 3.503157022192088021e+01
1.253282988320155589e+01 5.312383022959336287e+00 3.103212921776516708e+01
1.501310558775710646e+01 9.649234492192045209e+00 3.137276345184839954e+01
1.343539786983819084e+01 9.938297567502322849e+00 2.508814921576815848e+01
1.778736248530674047e+01 1.224862495996170964e+01 2.604939162455881885e+01
2.045342361652444296e+01 1.337960506748772715e+01 2.878162243813661902e+01
1.881175191763306742e+01 1.346191965423941106e+01 3.216539604527282847e+01
1.991563060822668163e+01 9.297876409371578887e+00 3.471393229307494721e+01
1.762435528689488251e+01 5.631367401846785192e+00 3.313342047984681926e+01
1.533689257363678493e+01 5.039722357899572458e+00 3.725080485689796461e+01
1.326657914388457726e+01 2.707352339486441384e+00 4.037983563208567261e+01
1.392487495512968110e+01 8.771796723782482985e+00 3.978901140184118645e+01
9.275694492934810853e+00 9.843293374697642761e+00 4.625681175753852870e+01
6.984225176951767367e+00 9.862423340581710107e+00 4.134875658016006383e+01
4.042897233765556209e+00 1.302984692994304972e+01 4.521902920180927765e+01
1.637273976968292022e+00 1.277935517424828937e+01 4.084836017158730215e+01
-3.111330332749043581e+00 1.413158852569942248e+01 4.182850631790758200e+01
-4.138483327596126138e+00 1.652921218516175372e+01 3.884504768835788724e+01
-1.284543219985966767e+00 1.289274041465498577e+01 3.270279055861265505e+01
1.170014457912570416e+00 1.541831137020070486e+01 3.179321915447853542e+01
-8.243795272712034494e-01 1.618139825351449801e+01 2.838835947402146331e+01
2.952818706452181363e+00 1.631520947437958213e+01 2.615159163472143433e+01
2.354072781747454268e+00 1.629096391484471695e+01 2.081406794109707192e+01
5.207852564519818372e+00 1.263569741031525773e+01 2.084623945080529950e+01
9.501453031311944741e+00 1.643146188271139607e+01 1.977776142772329848e+01
7.044574383323800149e+00 1.851463119179955541e+01 2.334272608706376673e+01
8.410430836427655876e+00 1.384366273481285958e+01 2.604766788140191025e+01
1.308504678001209065e+01 1.420685563004891172e+01 2.843094799944963924e+01
1.011816389103298341e+01 1.108720027498758043e+01 3.008566259706746493e+01
8.183665559439214476e+00 7.988259609262844840e+00 3.020735619666496419e+01
6.207536708503260670e+00 7.172700666011181170e+00 3.417388358861976627e+01
3.514425879766501559e+00 2.488704724994585948e+00 3.428219118792785025e+01
-8.227768612271375848e-02 4.984181957439147048e+00 3.932199817848947987e+01
-2.113749875779288079e+00 9.698689073905656377e-01 3.829284829859103212e+01
-1.890221110760407441e+00 1.582015269699017734e+00 3.359560817827355805e+01
-1.812025197361901485e+00 5.948451580305120778e+00 3.303352539862347470e+01
1.624467029634460991e+00 5.516078519283820647e+00 3.025365672505287762e+01
2.950244782983298286e+00 9.609709441994157331e+00 3.358087593370656521e+01
4.727486453787173915e+00 1.246669691880024189e+01 3.069975038350899510e+01
8.298252720007651462e+00 1.212595735260912910e+01 3.397694363487416780e+01
9.820284239287079942e+00 1.470599065510055681e+01 3.163834594459314786e+01
9.514525247466274038e+00 1.830305997429668707e+01 2.988475514382227516e+01
1.311050748373792985e+01 1.827353259607385638e+01 2.579793523898488061e+01
1.055660944237418342e+01 2.414899785272393373e+01 2.404766599337765243e+01
1.546185933045881100e+01 2.326205402943428524e+01 2.524733543114427903e+01
1.941847906921787015e+01 2.597874488672522020e+01 2.708182613721320564e+01
1.261587827833701247e+01 2.531378697707223324e+01 2.893820441336935545e+01
1.409545276743945408e+01 2.155259062741973253e+01 3.138231301992128053e+01
1.113508607779960435e+01 1.912293452513022274e+01 3.339774770711817808e+01
1.264967793442881749e+01 1.720422411095982795e+01 3.621532066724759602e+01
6.122775688172965580e+00 1.537822316908814813e+01 3.804788502275845019e+01
1.119837628202248681e+01 1.360802996347579708e+01 3.904372149350574261e+01
9.517862663360418196e+00 1.509509740234545383e+01 4.457013164829060514e+01
1.481570986634966047e+01 1.518867514396017349e+01 4.309106102348945910e+01
1.431599979136109546e+01 1.645323206966142493e+01 4.665140165672859496e+01
1.299564000573642630e+01 1.313759337795670845e+01 4.932538378309500615e+01
1.534312566505489350e+01 1.038748337372459218e+01 4.474015541871882107e+01
1.851891267900857940e+01 9.125941996281111912e+00 4.654701971064120158e+01
2.304114934818473159e+01 8.772610991886834242e+00 4.644680528975935374e+01
1.971651128952607124e+01 8.166855228354402030e+00 4.189693919906160602e+01
1.868201383392562676e+01 1.245544197753233462e+01 4.246935990325194155e+01
2.397211514321191217e+01 1.293526572783003736e+01 4.331558960693022442e+01
2.444001787269874271e+01 1.160322529177201289e+01 3.910612841003111839e+01
1.908128241910163680e+01 1.388040600505360089e+01 3.771344379884452991e+01
2.018305452333582650e+01 1.775322341889140176e+01 4.038954597558768711e+01
2.568498399806757959e+01 1.596764194419570337e+01 3.899076529505703803e+01
2.407319504127892884e+01 1.564748484261551553e+01 3.413305095462719407e+01
2.116173947086278062e+01 2.002500261339914545e+01 3.544545711979987601e+01
2.477337748619522628e+01 2.162971702269508611e+01 3.763801996178125364e+01
2.734610585603973831e+01 1.809951818268772783e+01 3.388041086171577376e+01
2.437481086796734076e+01 2.034825017070618713e+01 3.116064902503411105e+01
2.431069327260426505e+01 2.454265756695458478e+01 3.330091432653782846e+01
2.871454226568416246e+01 2.439442654515686471e+01 3.311757727562417131e+01
2.691033823536389491e+01 2.469150883452792655e+01 2.870511039937414921e+01
2.591050012420613413e+01 3.008537840949609432e+01 2.952042591499578705e+01
